2018-03-13 21:15:01 +0000;40.702452;-73.984135;25.913151;65.000000;65.000000;-3.600000;-1.000000	2018-03-13 21:15:01 +0000;40.702452;-73.984135;25.913151;65.000000;65.000000;-3.600000;-1.000000
2018-03-13 21:15:20 +0000;40.702438;-73.984151;28.514435;50.000000;50.000000;0.000000;251.718750	2018-03-13 21:15:20 +0000;40.702438;-73.984151;28.514435;50.000000;50.000000;0.000000;251.718750
2018-03-13 21:15:20 +0000;40.702425;-73.984172;29.354584;30.000000;30.000000;1.332000;207.421875	2018-03-13 21:15:20 +0000;40.702425;-73.984172;29.354584;30.000000;30.000000;1.332000;207.421875
2018-03-13 21:15:37 +0000;40.702373;-73.984281;19.380890;25.000000;25.000000;5.256000;278.789062	2018-03-13 21:15:37 +0000;40.702373;-73.984281;19.380890;25.000000;25.000000;5.256000;278.789062
2018-03-13 21:15:44 +0000;40.702355;-73.984412;20.954529;25.000000;25.000000;5.220000;270.703125	2018-03-13 21:15:44 +0000;40.702355;-73.984412;20.954529;25.000000;25.000000;5.220000;270.703125
2018-03-13 21:15:51 +0000;40.702327;-73.984551;18.081909;25.000000;25.000000;9.324000;251.015625	2018-03-13 21:15:51 +0000;40.702327;-73.984551;18.081909;25.000000;25.000000;9.324000;251.015625
2018-03-13 21:15:56 +0000;40.702300;-73.984664;14.060150;25.000000;25.000000;7.092000;272.812500	2018-03-13 21:15:56 +0000;40.702300;-73.984664;14.060150;25.000000;25.000000;7.092000;272.812500
2018-03-13 21:16:03 +0000;40.702337;-73.984773;15.728363;25.000000;25.000000;4.572000;261.562500	2018-03-13 21:16:03 +0000;40.702337;-73.984773;15.728363;25.000000;25.000000;4.572000;261.562500
2018-03-13 21:16:12 +0000;40.702385;-73.984881;14.312653;25.000000;25.000000;5.904000;285.117188	2018-03-13 21:16:12 +0000;40.702385;-73.984881;14.312653;25.000000;25.000000;5.904000;285.117188
2018-03-13 21:16:19 +0000;40.702404;-73.984992;15.765320;10.000000;10.000000;5.076000;284.414062	2018-03-13 21:16:19 +0000;40.702404;-73.984992;15.765320;10.000000;10.000000;5.076000;284.414062
